configName      Class 1 - SPLIT(Collision - 2877)

timeStep    vehId          fromState                     toState                       commandSent    receiverId     senderPltId    receiverPltId    maneuverStartEnd 

85.00       veh1           state_sendSplitReq            state_waitForSplitReply       SPLIT_REQ      veh1.3         veh1           veh1             -                
85.01       veh1.3         state_platoonFollower         state_waitForCHANGEPL         SPLIT_ACCEPT   veh1           veh1           veh1             -                  
85.11       veh1           state_makeItFreeAgent         state_waitForAck              CHANGE_PL      veh1.3         veh1           veh1             -                         
85.20       veh1.3         state_sendingACK              state_waitForSplitDone        ACK            veh1           veh1.3         veh1.3           -                       
85.23       veh1           state_splitDone               state_platoonLeader           CHANGE_Tg      multicast      veh1           veh1             -                
85.23       veh1           state_splitDone               state_platoonLeader           SPLIT_DONE     veh1.3         veh1           veh1             -                
89.40       veh1.3         state_waitForGap              state_platoonLeader           GAP_CREATED    veh1           veh1.3         veh1             Split_End        

84.00: [4,2,3,2,2,1,4,4] 
84.10: [4,2,3,2,2,1,4,4] 
84.20: [4,2,3,2,2,1,4,4] 
84.30: [4,2,3,2,2,1,4,4] 
84.40: [4,2,3,2,2,1,4,4] 
84.50: [4,2,3,2,2,1,4,4] 
84.60: [4,2,3,2,2,1,4,4] 
84.70: [4,2,3,2,2,1,4,4] 
84.80: [4,2,3,2,1,1,4,4] 
84.90: [4,2,3,2,1,1,4,4] 
85.00: [4,2,3,2,1,1,4,4] 
85.10: [4,2,3,2,1,1,4,4] 
85.20: [4,2,3,2,1,1,4,4] 
85.30: [4,2,3,2,1,1,4,4] 
85.40: [4,2,3,2,1,1,4,4] 
85.50: [4,2,3,2,1,1,4,4] 
85.60: [4,2,3,2,1,1,4,4] 
85.70: [4,2,3,2,1,1,4,4] 
85.80: [4,2,3,2,1,1,4,4] 
85.90: [4,2,3,2,1,1,4,4] 
86.00: [4,2,3,2,1,1,4,4] 
86.10: [4,2,3,2,1,1,4,4] 
86.20: [4,2,3,2,1,1,4,4] 
86.30: [4,2,3,2,1,1,4,4] 
86.40: [4,2,3,2,1,4,4] 
86.50: [4,2,3,2,1,4,4] 
86.60: [4,2,3,2,1,4,4] 
86.70: [4,2,3,2,1,4,4] 
86.80: [4,2,3,2,1,4,4] 
86.90: [4,2,3,2,1,4,4] 
87.00: [4,2,3,2,1,4,4] 
87.10: [4,2,3,2,1,4,4] 
87.20: [4,2,3,2,1,4,4] 
87.30: [4,2,3,2,1,4,4] 
87.40: [4,2,3,2,1,4,4] 
87.50: [4,2,3,2,1,4,4] 
87.60: [4,2,3,2,1,4,4] 
87.70: [4,2,3,2,1,4,4] 
87.80: [4,2,3,2,1,4,4] 
87.90: [4,2,3,2,1,4,4] 
88.00: [4,2,3,2,1,4,4] 
88.10: [4,2,3,2,4,4] 
88.20: [4,2,3,2,4,4] 
88.30: [4,2,3,2,4,4] 
88.40: [4,2,3,2,4,4] 
88.50: [4,2,3,2,4,4] 
88.60: [4,2,3,2,4,4] 
88.70: [4,2,3,2,4,4] 
88.80: [4,2,3,2,4,4] 
88.90: [4,2,3,2,4,4] 
89.00: [4,2,3,2,4,4] 
89.10: [4,2,3,2,4,4] 
89.20: [4,2,3,2,4,4] 
89.30: [4,2,3,2,4,4] 
89.40: [4,2,3,2,4,4] 